653635
100996442
729737
102465909
100132287
100133331
107984847
107984849
100288069
339451
84808
101928895
6339
116983
109623456
102466740
83858
984
728642
163688
339456
5590
100506504
6497
100129534
100287898
105378604
1953
1677
261734
9903
107984913
148479
55735
106614088
407040
9563
107985734
93611
284498
4524
440563
23254
200197
11330
51032
729614
114819
9696
55160
101927895
105376845
9923
7798
80818
148898
105376859
107984931
127294
105376878
57035
105376882
6007
646471
149420
23038
644961
27293
5724
692212
2035
399474
4146
100129196
692235
107985471
1307
101929444
149069
105378629
81629
100128071
102723870
57648
113451
55223
58512
653160
79932
339488
127703
192670
79729
84967
54955
353500
728448
4610
105378669
105378672
4904
10969
102465439
105378687
991
102466723
23334
100873952
9682
9048
100874278
339541
94161
343521
149478
107984952
105378691
400752
8569
9372
55268
148979
374977
8613
100500854
205
79819
406962
100526835
55283
105378823
105378824
492303
646817
23285
101928079
105378863
100527978
1806
100873932
100506007
54112
102723784
1952
284613
85369
257
64783
10390
5016
128346
246182
55356
126868
105369199
2210
107985194
100132417
100996712
728945
11126
100996756
105371228
200030
105371403
112268239
8416
10500
29765
100507670
100132111
388698
101928059
9909
57198
100423020
127579
149095
100505666
1944
7059
105371450
57657
105371452
22889
56893
84283
4209
3645
440695
284677
50717
100287049
27005
9970
105371472
3310
84824
105371586
23432
9095
63923
10228
3140
51278
101928973
3915
110841583
102724830
554279
101929224
107985246
100302158
148713
4660
100506747
7832
2331
8934
254428
284581
407026
107985257
54996
100873924
105372945
2052
9725
100506571
57165
100129094
105373159
84886
100302132
107985360
57568
107985361
84284
3775
100302691
100287902
105373255
200159
257044
107985373
149134
400812
112268259
100500849
55657
26751
105373480
400940
107985848
101929567
101929882
8462
3241
400946
105373463
100874343
375189
109
105377626
22924
100505624
403150
55006
79745
51646
107985870
101410544
105374471
728730
101929667
107985875
100189265
51626
102724965
105374584
57217
618
100506235
286749
105374615
102724072
107985885
112268416
107985767
57162
100507073
102800447
105374789
400960
525
8291
94097
150726
105374807
107985898
6242
84865
64427
3099
84173
100630918
7844
5343
5342
101928371
9451
285033
23020
26505
200539
728537
84804
644903
344558
440895
4867
100507334
151009
376940
11159
440900
107985939
51141
2019
6344
105373583
254128
105373605
2071
100506922
83607
105373610
105373618
100616378
150776
29798
107985946
3176
100303491
107985824
105373673
440918
90
100129029
100506124
102724058
129880
493911
100526832
109617017
105373737
101929947
285084
100131390
105373748
3231
100616394
101927217
107985784
30061
110599588
105373793
3628
101927454
316
101927795
1195
117583
100507554
105373880
27148
53632
151295
5798
1674
10290
100996693
130612
100423039
23363
3623
151278
654841
151475
100847037
389084
677772
8527
116987
105373991
105373948
105373951
105373952
55502
100287387
9759
51281
57140
11132
2859
101927509
9855
105373974
105373975
84289
728294
105373976
285362
9695
29931
107986009
51066
151835
7862
9797
9686
107986063
105376963
64432
8292
23180
6304
151651
644990
100616477
152098
105377022
9389
199223
101928263
105377046
729085
107986079
102724231
353274
285346
112840933
259236
23276
25930
100302232
51385
1294
65010
102465495
1951
100616112
10425
54681
11180
102465536
3913
107986084
275
84276
100132677
4485
63891
9807
10180
100129060
101928931
11186
102060282
51364
51409
2912
100874110
406925
25981
11188
109616991
3700
100873993
375346
100874237
105377106
105377108
100861563
100652759
100874243
100422859
317649
201617
100422955
200895
101929278
101929298
105374005
100009676
64332
100506555
107986114
55779
4045
